0 0.047143 0.149112 0.080000 0.295685
0 0.139286 0.135787 0.074286 0.269036
0 0.234286 0.152284 0.068571 0.302030
0 0.331071 0.147208 0.067857 0.291878
0 0.434643 0.142132 0.065000 0.281726
0 0.527500 0.155457 0.066429 0.308376
0 0.623929 0.152284 0.065000 0.302030
0 0.719286 0.149746 0.070000 0.296954
0 0.815000 0.153553 0.070000 0.304569
0 0.903571 0.154822 0.074286 0.307107
0 0.076429 0.317259 0.074286 0.456853
0 0.167143 0.309645 0.072857 0.431472
0 0.257857 0.336294 0.072857 0.446701
0 0.359643 0.338198 0.066429 0.432741
0 0.458929 0.337563 0.063571 0.421320
0 0.556786 0.333122 0.063571 0.402284
0 0.650714 0.335660 0.064286 0.425127
0 0.742143 0.339467 0.070000 0.417513
0 0.835000 0.347081 0.071429 0.417513
0 0.924643 0.366751 0.077857 0.413706
0 0.028571 0.554569 0.054286 0.423858
0 0.104643 0.555838 0.075000 0.456853
0 0.190000 0.589467 0.074286 0.496193
0 0.288571 0.567259 0.070000 0.446701
0 0.384643 0.577411 0.067857 0.413706
0 0.485357 0.571066 0.063571 0.436548
0 0.578571 0.567259 0.072857 0.428934
0 0.675714 0.577411 0.068571 0.406091
0 0.773571 0.604061 0.072857 0.449239
0 0.857857 0.573604 0.067143 0.395939
0 0.944286 0.597081 0.072857 0.422589
0 0.037857 0.802030 0.074286 0.388325
0 0.126429 0.798223 0.077143 0.403553
0 0.222143 0.789975 0.067143 0.420051
0 0.310357 0.797589 0.067857 0.404822
0 0.414643 0.801396 0.067857 0.397208
0 0.508929 0.796954 0.066429 0.406091
0 0.606786 0.809645 0.066429 0.380711
0 0.702500 0.805203 0.066429 0.381980
0 0.789643 0.797589 0.072143 0.397208
0 0.881429 0.804569 0.078571 0.385787
0 0.963929 0.802030 0.072143 0.390863
